6994
7250
3646
611
1924
7424
6784
520
3324
8745
8503
2043
7973
2117
7660
5384
5807
5258
9831
8899
6713
7861
1031
5215
127
9287
854
3183
38
2494
4348
763
261
9783
1012
4501
5814
2352
2364
1133
3278
8818
1296
6354
4105
4495
7513
2010
8234
7224
3698
579
1505
2802
7788
3114
4701
6682
275
4605
2789
9015
7632
5692
5394
3551
1855
3013
47
861
8916
8785
1811
4689
8698
2984
7614
1287
1724
444
7826
1165
5688
7893
468
6480
9680
6040
3523
9510
6723
4334
5657
6050
1068
1058
4208
4691
3193
3915
6742
2013
5742
9291
2436
8476
8699
615
27
1638
9980
1512
7984
6145
2959
2017
2730
1846
6043
4177
2537
4740
6415
2539
4186
5783
761
133
616
3498
9560
2863
5428
2650
4980
9972
9688
7533
1276
9205
8004
3104
932
2060
6461
1889
7550
8218
9628
4582
3677
7638
1802
320
5581
9631
8174
1183
2157
8481
7196
1942
7864
273
5691
8829
4117
1896
5068
8390
7675
8111
3383
4754
1465
2733
568
5301
5909
2573
2170
7527
7732
1283
1522
8620
3866
5120
2032
7942
6177
3764
5473
538
6511
2852
4601
7857
980
108
5055
5679
8993
7270
2393
8649
143
940
8314
5235
9166
8842
6825
8247
9965
4184
4420
5181
8458
1190
6708
5639
8907
5145
2178
9228
7052
4917
619
9928
9625
7467
4560
5233
6783
614
6353
4109
7198
5872
4780
5714
1745
6410
4256
4639
8273
3612
710
3081
2775
3017
2098
8
4097
5095
5319
1108
2855
4557
6601
4042
9550
2606
1415
3891
7020
5638
968
518
4365
3282
1972
4444
7654
3140
8439
8501
4824
9559
2002
154
5351
416
1411
5155
4236
7110
2598
6794
6872
2804
7643
6495
4521
2412
9306
2172
802
4478
2485
5628
9350
7177
525
8344
4325
465
6663
6163
4986
1346
9599
2375
9844
612
8398
9710
7780
5712
1417
2278
2710
5329
7690
9183
7044
7566
4387
2582
4343
2215
4928
7255
6895
9822
1836
6318
8773
5529
3991
2319
1013
472
2260
1005
123
7907
7456
3674
3335
3840
6330
2445
1229
6834
5589
2540
2505
4072
6212
3033
5633
6047
7713
7273
7627
951
5903
4579
4335
4499
2366
9927
7406
4389
9263
8098
9731
9577
4730
335
6840
5904
6044
1871
6061
9776
8436
7293
901
2042
96
8523
5249
1021
1252
6609
3153
6809
203
6808
6616
294
2304
2177
7631
517
5803
5373
7384
7032
117
7646
5284
5968
7760
1531
8345
9278
3876
341
4918
7735
1255
5695
3167
2294
4909
4049
7743
8600
8432
1293
5642
4194
4467
4379
8209
1281
9591
3299
2836
5509
4690
5370
4504
7985
5934
5088
4937
8732
3406
873
1393
363
8662
732
1610
3091
8251
4936
8625
3066
2169
9453
4763
5805
8292
346
7767
1760
9507
4165
5057
1877
2741
1886
8933
6733
6365
5637
55
3680
6229
5414
5219
321
3787
1583
748
5482
9797
4403
5896
7336
9468
874
6033
9381
8371
586
6527
7936
7727
493
655
9930
8886
280
7268
9272
6962
5809
2346
4015
6804
1623
3641
9666
3830
653
9012
9245
8535
2533
7940
9201
5410
2676
7503
577
3068
6649
6580
8558
2326
1131
9285
6026
7679
2726
9197
3669
5607
606
1059
534
605
1701
2611
3306
4197
303
142
8606
7691
281
8895
2079
4087
4921
4241
5535
2274
4647
4320
2715
5703
5036
8382
9834
205
297
3847
981
4636
9526
7221
671
1743
5881
5153
6370
3603
617
6186
9872
7325
948
2809
6622
2322
3753
4239
5419
4509
8568
6049
9897
2834
279
490
2521
6676
6379
4400
8279
590
2550
8008
2722
1473
9088
4012
9103
5135
2985
8860
6478
4967
14
995
6925
5034
9339
5259
446
1295
4627
4048
1496
1504
3232
8817
5970
8989
5511
1514
2873
356
2764
5081
3111
7962
1928
3135
9992
3295
9446
8924
8591
8772
7671
1900
6323
1210
7684
7204
7306
7722
2725
1166
5700
9366
9859
2721
4267
1695
3897
1093
1177
5157
6859
1564
7803
2709
3909
1357
4422
5254
3084
4520
5624
5725
1551
200
1488
3932
9567
2161
4122
7900
2369
8678
2689
6450
6503
860
1372
1920
6824
3211
6223
1358
5537
6035
7515
3678
5037
3429
6719
6382
1470
4038
5011
2082
9858
9514
2131
6599
9716
1683
4322
9059
9696
2425
6348
5784
5162
3799
8953
2102
1019
9926
9411
3999
1875
6956
631
1969
9266
784
3122
5997
1340
2283
3642
8524
8374
8666
1270
558
3645
2662
9739
2586
6998
1828
9669
1236
4760
7575
8839
4382
9671
5748
516
2638
2020
1777
9720
1114
8613
849
888
395
1374
1216
9742
6790
5942
81
6285
188
9821
1765
4209
8851
3181
588
204
837
1448
2822
3083
3710
926
8216
7240
286
24
105
1587
4418
4226
6993
8485
7440
6516
4667
9167
7158
4508
9017
2752
851
392
545
2590
1242
9524
1713
5405
859
7664
8202
7694
4216
2156
1500
1178
2548
9877
5123
599
9295
1758
6105
544
2035
8703
1526
5850
1521
2824
1201
4974
3103
9347
3198
3163
3747
414
903
3285
750
5193
875
8467
1410
2446
1044
8784
9841
672
5905
7171
6108
4264
4721
3343
4488
6949
5780
2097
6286
5298
3762
9133
2240
6704
9158
3060
3705
344
9908
9160
1692
8423
1796
8070
3966
2572
4788
3696
4307
9324
1454
1312
7801
4355
8062
1041
1869
8589
1892
300
9771
1321
5279
6133
8401
2608
4681
1599
2331
3772
6468
758
912
9425
4743
9270
3332
7516
8188
4625
707
8897
4201
712
391
759
5082
174
6629
2595
3195
7215
8894
2474
601
7555
5267
5515
4309
4
3776
8689
1850
2449
5324
2442
4915
476
8042
166
6375
966
4440
8593
4919
7807
6331
3389
4291
4608
3850
744
9758
4717
1420
378
5281
9163
4224
4920
4652
8631
7005
2904
4814
8010
8812
7350
1092
1611
1605
1303
3774
4085
984
332
7928
1738
1246
4713
8184
73
6414
5478
4227
2076
7315
726
9189
773
7230
9767
224
282
5305
2745
5444
5326
4092
6978
2833
5762
3619
7825
2361
6076
6831
241
329
1319
2652
529
6073
9611
3651
8898
4978
9118
1345
3424
9184
2123
2728
2628
9752
4370
1060
3593
2923
1409
673
7583
8075
6721
7563
6860
2782
6579
2949
9769
8737
3821
4782
9724
7167
400
8833
2770
2130
6444
1776
5689
20
6553
3979
248
2263
1362
8778
2634
1010
1684
1915
5060
6818
8630
1315
4210
6332
6329
1749
9699
7009
9087
6368
367
2653
462
5901
2697
845
2977
4427
4225
5929
6009
2245
8024
2298
5368
1011
7247
8850
9000
8997
2975
4047
1168
7961
6464
9095
2201
1070
3808
9911
7976
3063
70
6771
8172
3974
1994
1090
1950
6317
2441
7500
9562
6510
7483
8636
5244
2594
1975
9159
7421
8710
5372
2684
1807
2009
9780
5858
6140
4368
4349
7481
1865
6546
6746
2122
5894
6121
5350
5325
1678
8716
4132
852
6646
3197
5522
6592
9216
5754
8642
9955
8692
8776
368
6795
198
2639
9946
7252
6997
3890
8477
7132
3980
1810
211
6539
7757
8341
2686
8980
9939
2767
1751
7506
7496
7954
1395
7490
8385
3450
2580
4074
7022
2799
9401
8767
4381
2727
3607
1285
2651
858
9079
1590
1381
4961
5269
17
4849
9970
1149
1588
2231
4853
1643
6457
6632
9186
4659
8463
2610
9813
7145
2345
2884
7119
430
7057
9607
8553
2217
3632
4966
9217
7100
2544
2168
5544
3202
1186
9929
2080
3016
7714
57
6067
8055
2083
7957
5201
1524
7740
4448
2337
6156
6210
2602
9359
6493
5715
2482
1635
729
7753
6543
5853
5936
1823
4880
7414
8040
8450
898
7445
1748
1007
3256
292
5238
8093
6964
4137
1051
4784
1854
138
2953
9271
8607
1170
6919
1339
1120
771
2739
8892
4502
2379
2868
9455
4056
8588
7637
6619
3160
2149
6364
7182
3093
9498
3790
2857
7568
7462
2805
607
7055
1573
9331
1066
8069
1729
2629
8719
43
3099
67
5558
2957
9575
4525
7275
7181
6877
1284
2617
4062
5921
975
1406
7257
4598
3798
126
3562
1451
3836
118
3815
5533
7101
4515
6064
2780
9037
9340
4876
9232
7047
922
7078
4854
2720
2434
5654
9901
2867
6678
1707
8143
678
1288
5058
7077
7094
49
7244
5079
4128
9418
1262
8366
1423
610
688
9016
6454
9355
403
3124
4107
7748
4552
6524
8673
3333
9310
8789
6952
5315
5176
1705
2307
1286
7045
3187
9288
9434
1617
6924
987
891
9781
743
8256
8696
7208
2358
8633
6094
8147
1332
6453
5333
5390
1091
5312
3769
5149
3913
1378
6900
8361
9294
2081
4479
5468
970
8831
3219
8238
868
1279
6199
4052
1486
6853
3580
3618
4190
6613
1342
2148
2176
9491
461
121
5089
3557
2615
4262
2723
1515
3085
325
3012
6274
1430
7394
677
488
1954
4398
7682
1371
7569
1418
5163
1528
2808
564
2428
8064
587
7109
1176
1057
5916
8763
4314
6055
4932
2401
3803
4073
9582
1250
8106
6234
1647
7680
1838
4982
694
9135
4458
6339
4794
7
9975
819
8587
8598
7033
637
683
9503
5173
7291
3556
523
8318
7937
6460
2403
6838
5496
2064
1533
6054
7050
9999
6693
8781
113
8919
6310
559
2435
2465
6051
2127
2152
8966
1518
8538
4832
4290
701
8394
4934
7620
4455
4248
6947
4082
8756
1970
9866
6420
8491
2546
7398
93
6151
9258
9081
4506
4046
7090
8037
4160
9861
7993
715
4040
5907
9435
6029
7415
9718
979
431
2758
2179
3158
8797
1373
7971
9174
2588
7786
3963
522
8440
2906
9458
8227
2499
1045
6875
422
128
452
6541
8367
4709
4612
3930
5025
3350
9048
8768
6634
7003
812
8253
4685
7734
7824
6343
2917
6981
4199
5084
6135
7953
4050
144
3059
1289
9304
2184
7873
4872
4753
266
6806
2095
3755
6876
1544
667
4656
7703
2643
1386
9589
8691
3739
221
5663
7187
2734
6262
2293
9374
4995
2930
29
2198
4104
1946
3346
4578
2040
4664
1369
6148
4207
3339
288
1042
7969
7573
1333
4911
124
4212
6899
3525
754
7234
1548
3576
5984
8750
2450
5184
3637
5753
4261
1414
5776
6190
1602
8508
3851
1144
6391
4196
4511
2593
1608
7129
7704
1671
9230
2181
6413
4153
8617
8370
8555
5569
8974
6955
4043
2612
5631
5883
3586
2488
9542
1785
6540
6971
3182
4559
5641
1547
4933
8271
5852
9255
2973
6550
1249
5010
6246
7089
3276
7914
3206
6576
2264
9293
4005
1673
4517
878
9403
764
3596
3267
1099
8791
8883
8047
92
1106
6346
9592
3277
8782
593
7746
3905
7344
3222
5681
2477
12
7155
1682
7002
3208
254
4594
834
9609
2238
8931
4408
4296
9185
1212
9093
9323
9515
7505
6120
5808
3449
238
5042
2754
6204
555
4831
285
6891
1844
3598
6664
1787
5891
5172
8258
1620
9372
4673
75
7981
3414
5083
1278
6832
2390
5366
6482
1781
9077
1375
722
8456
5287
6680
5575
4752
247
928
9388
3095
2788
8863
632
897
7581
5059
5889
7338
9145
4970
3768
4442
8864
3549
8934
4800
7143
1437
2613
6807
3983
6957
5572
9305
9108
986
3460
4553
2905
6757
9187
9194
1827
5952
546
1377
7059
1094
131
7184
3570
8944
7359
4429
5855
6394
1320
8173
7460
3310
1264
9670
4914
7317
37
357
413
2575
2567
647
6162
7118
6170
6848
7802
6060
680
6764
1300
8910
2202
7000
5226
2997
4593
7636
1574
9492
1335
5191
6218
4570
3503
2244
8809
2542
7687
1217
7076
1589
8752
7396
5150
6215
5553
2276
5517
3609
2688
6118
2910
7465
3476
8961
7489
5033
4983
5097
5525
2058
4380
4505
8375
1256
8296
4416
624
2124
4877
7071
7876
8340
1722
6633
9967
2155
3294
5746
4705
2886
9887
5141
4523
3528
8711
6298
1152
5214
8225
9714
8338
2210
1124
3118
4215
3638
1129
9886
3717
7576
9623
7413
8790
295
634
3387
2429
7296
5516
1405
9469
4027
2716
1231
8472
622
5980
3604
3744
3422
7540
8550
7593
1483
3925
5668
176
1083
3746
5790
4451
7853
7597
9952
689
4399
1763
6739
2070
5360
6626
1789
5829
1301
2538
2812
2644
821
9689
2616
5210
4421
3300
2568
5418
7254
9286
9320
508
3188
3537
6363
621
6183
4011
1592
2052
1015
1667
1495
3971
1245
911
1316
22
2126
10
1215
1634
3398
4280
642
1927
2682
2396
9045
6586
8381
1199
1063
6299
3496
9465
2827
9620
7831
5494
578
6003
9561
537
8821
6349
7517
3296
788
1555
6561
8726
824
7025
5450
9792
2016
3690
3560
2410
4985
6025
1164
5996
374
8326
7280
2584
9803
1394
6839
2471
8811
6007
3307
4793
9601
9330
1600
7363
7905
9125
7700
3132
9726
8858
6928
4384
4292
6926
8744
9127
2367
1930
4311
1266
9289
5873
9226
460
2073
4159
8136
8290
794
8330
8433
36
6358
9344
2111
2096
7137
1699
4712
8972
3127
2527
1115
1897
882
1472
2100
670
3201
3050
9357
1963
2158
9536
6667
8242
4054
4770
1426
3959
8298
2420
2229
5204
7603
9009
6174
1857
9678
2005
749
7514
7477
4383
6334
6301
8757
5075
892
5893
5772
704
765
6091
1788
1612
3510
9259
450
7349
1145
2335
141
7093
7764
2489
7758
5430
9080
992
7523
9227
8683
8670
447
5264
1116
2492
4071
499
6833
2118
7834
6
5316
6059
1313
8474
6787
2092
5870
3814
6921
2376
7874
831
5497
4555
4409
716
693
4237
7756
8478
3207
8493
9292
699
4997
2675
9945
7561
8866
3896
5830
4860
6467
8427
840
7495
3606
6308
4943
7995
3564
5961
8067
8195
1604
8383
5948
2647
2327
3665
4392
6755
7808
711
5048
8020
8835
9747
7652
8868
9302
4573
2205
6045
4584
7580
3754
1509
9076
1387
8626
6434
1735
2072
9033
4642
3413
8208
1032
6393
5046
8706
6999
2315
9134
2270
4175
9793
1087
7373
7450
5718
7383
695
9529
7098
4530
2982
7133
1795
8342
4926
661
9497
2934
708
9493
7531
2519
6360
6056
9182
6281
1560
5005
2339
6700
916
9586
818
5863
5659
5655
7081
80
456
8006
5610
5843
8622
8308
3034
6850
2355
2903
1649
7731
7070
542
2932
9757
349
9921
8846
4969
19
663
8113
2599
5177
2421
5635
6910
7179
9779
825
6813
1023
1502
1294
8659
7065
9196
8834
797
5121
2297
8823
6873
1552
613
7416
1595
4976
8097
7353
8462
974
7862
1043
3166
2409
1205
745
817
5931
1225
1645
474
2054
4635
3855
6932
4259
7818
5484
2071
9397
3904
6080
5401
2107
7062
3816
2143
7319
8609
4819
8783
7924
4565
102
1932
7770
165
1856
7497
2963
7733
2372
9573
8167
5825
3871
1873
4374
7792
9392
9737
4300
5208
1077
6287
576
3682
908
9825
8697
3832
8775
9268
354
3419
3430
5489
5819
9322
4762
5938
7946
9299
9687
5234
2558
5167
8658
2291
1103
4510
5328
1519
4441
5960
6471
7906
5480
1778
7791
7229
880
7617
5375
3092
8245
7103
6653
2640
6432
9192
3001
2447
79
7828
1883
2329
5862
3328
3486
8363
4315
8415
5311
2142
7897
3895
5917
1079
5099
9835
5673
2461
1902
1904
6868
4125
5969
9593
6870
3227
2531
8644
3040
8674
6603
1741
2094
2850
651
242
4950
8754
9480
3529
2683
9941
8074
3404
8452
6084
4202
1143
7860
1055
1354
25
9576
7168
3431
9708
2813
6562
245
737
6257
2941
5019
334
4461
4373
5987
827
1222
8001
5463
8887
1772
1020
8465
2136
480
3565
8958
8932
7116
9390
2286
582
1797
7594
510
6279
3964
9903
9849
6443
5617
4607
7437
3807
5724
8925
3216
9030
7904
2187
7282
4905
115
7138
9719
6531
5524
777
7174
6247
551
2993
2061
5242
934
4404
8248
535
6730
6736
8512
6446
6858
6706
1184
51
5982
3051
5107
7950
5769
5684
6202
5804
2592
1852
2141
2961
8733
9615
455
3011
2839
4178
3518
946
3386
5062
8682
7977
2183
2618
1804
2801
3026
3695
7989
4268
3752
3583
4805
2817
7966
4089
1714
317
757
1253
3041
7896
8912
5017
5507
7011
2954
2112
5787
6129
3951
7821
9243
8805
9627
2476
396
6400
1814
1268
112
8736
6088
3056
7775
9756
1989
3724
7598
8513
2898
4376
1606
3351
6673
2656
2948
9082
7066
4098
7644
8412
3154
1631
9111
2772
5820
2443
2554
2359
8086
1937
307
2931
657
491
1035
9806
883
2668
9685
8396
8903
3316
3236
2414
5361
2964
8449
233
8779
5335
56
4312
3901
2226
3274
6399
687
443
5119
7438
8352
4574
740
3860
4541
1463
9431
2765
3046
6509
4975
5998
3567
6307
7693
2719
1516
3223
9881
8992
87
4252
5888
5136
9126
111
1429
1403
6695
6188
7102
8376
2314
9891
3531
8634
1439
5593
4462
8321
6748
5827
3625
7799
1593
2007
7947
6585
4221
5971
6937
6314
2320
8576
4342
1779
4944
7608
6950
2433
8616
5791
804
2219
6517
2134
3329
3526
1641
5817
5727
9957
4055
8740
9154
5285
9807
5730
8420
8479
8316
3499
733
2632
2460
3550
8597
4064
7504
2627
4583
1317
835
8038
2859
3775
6636
1305
4250
1227
6069
1558
3097
7943
4683
6293
207
6782
6203
4106
2334
3320
7140
9303
6445
9046
8043
4118
6854
884
9150
6849
4445
7560
5897
4816
4869
1499
4979
5745
136
6829
4792
3436
646
3781
5567
4734
982
2473
6538
6269
2125
2672
2206
6943
6421
2105
9508
2658
4023
989
5198
7796
9494
9008
5801
4781
4386
2511
8764
8039
7648
6030
109
7213
4609
7562
2661
6960
454
5045
3077
5818
9995
237
1691
1840
4273
5652
2388
4111
4377
581
4020
1135
8904
9100
519
2333
7104
6508
6558
5212
7910
7162
7320
459
3437
6750
9889
5763
9693
751
2458
8984
4750
9086
100
4738
7782
4767
4998
1584
5683
3237
4067
2258
4336
3352
9958
3125
1513
4133
3439
6726
7058
5977
8212
6851
4775
8388
1644
9979
1137
2714
8552
4293
7210
9074
2535
4218
7891
1727
1243
9223
2167
8942
5594
6172
506
6436
7781
1586
5180
2103
4846
8911
7419
4003
3948
3599
4610
597
1206
5306
2312
4890
7222
5387
9727
1868
3595
6564
3322
1858
8722
2475
9811
5054
2391
3254
2768
3280
1148
7382
5243
2748
7339
846
9275
1235
2624
8324
7263
6038
9509
603
9123
3470
3302
1805
809
1052
8123
7800
2208
9935
4223
2084
310
3458
1105
4606
774
6164
5816
8541
4873
1366
1328
463
2875
1841
6398
1783
1632
1400
9379
3639
1952
9786
9424
2378
3412
8672
7923
2753
3268
2175
6240
8801
3731
1308
1961
336
4963
1925
3984
7866
5736
1968
5675
4352
1064
8853
2831
3681
5404
4676
8920
2591
2847
3894
6836
3380
7701
8664
9722
1861
5505
5094
7726
5600
9566
1280
7480
4179
8922
9534
140
7147
3740
9703
1169
4339
3935
4949
3057
9982
6036
2305
7142
6885
9840
3689
5538
9229
2856
5263
4820
8166
1842
1718
769
9053
5892
6754
23
4646
7248
3857
2241
4665
3196
2518
7451
8590
6906
8066
145
2620
8803
1446
6039
3786
250
1619
718
9944
2455
4228
4547
6867
4813
9949
7887
1370
7458
1773
6888
7895
9991
63
7107
1568
567
9931
9977
793
4621
2991
421
97
5621
7663
7218
952
3410
3511
6429
283
8595
2419
1434
44
6022
2740
9925
959
9740
8311
7508
5876
4222
3075
5221
8282
1452
2351
8774
7148
7659
865
9068
66
5074
7470
5475
6087
782
8849
4167
293
9067
1510
5918
5756
9011
1292
290
5407
4493
405
4615
5085
8545
2744
7096
4471
6532
7501
134
6606
6409
5951
6411
191
813
7859
1704
4297
3663
4613
120
2138
5078
7326
686
4417
7983
886
5449
9658
158
2292
4857
2119
3255
3949
8429
2776
8196
9161
6990
3734
762
2928
3405
3112
1350
877
2160
3605
8337
5251
5761
6677
8970
2751
2153
3500
9346
69
5389
5339
6911
976
2415
7945
8937
6321
5587
7729
703
1467
2114
5878
5459
807
4270
4675
7272
3806
5171
8727
8560
9796
8372
2952
82
7998
5685
7190
3538
697
4287
7817
1669
6440
1725
1189
2545
6098
1485
9639
6904
7884
5922
2252
7774
2069
7463
8515
1690
7586
7536
2970
8319
3577
2056
6376
1917
7312
495
5436
8876
2451
183
7974
9961
4269
4091
7651
4412
7308
8632
1687
3513
439
3402
7385
6800
9157
548
1843
2811
7493
1672
6497
8142
6828
698
2496
3165
8646
6749
6485
8486
7975
2053
7034
4154
2033
7397
6638
3733
8940
8819
1819
1111
7284
6572
362
6826
6424
8955
9153
4803
9535
481
1130
5856
1616
4885
2815
4406
7395
2641
5913
9701
5386
5630
9579
9896
656
7772
1196
4080
4359
352
1359
8530
8926
4733
7601
3048
1899
9358
4271
2669
2432
5442
8289
9102
4695
639
5485
4823
1160
6982
5531
2844
618
7939
1799
790
2664
3508
5547
3585
2547
8525
3614
1004
636
8759
9754
3766
9785
3134
5415
5919
4744
3723
185
1097
9132
7161
5886
4894
2487
2967
2394
350
2254
945
5462
8663
8236
4063
1997
8913
5747
3548
8100
68
4590
3177
8016
4550
8269
5168
1571
885
1520
4475
9588
8771
6366
298
3973
1556
9746
7253
7604
9353
2835
4093
6967
7776
4090
630
7381
1134
1062
3178
8101
4737
8527
1993
998
3889
938
371
1431
2927
9014
8391
8480
899
8639
4492
515
2468
1766
4031
6980
6761
5194
3043
872
4755
9349
5726
2261
9597
2534
4931
1866
5138
2317
3893
6273
1938
8257
9040
7072
6951
2173
4748
3465
5109
2779
7233
3233
7749
6922
4586
5195
5440
9004
1895
8277
64
1845
2870
9112
3213
6857
2514
5492
2336
1943
2086
4372
2807
7960
3591
3524
1936
3367
337
3138
1826
904
2569
8979
9445
1171
8986
318
9238
9209
8889
5380
3489
7337
2864
1768
9847
1767
5104
3180
9414
9854
7840
3908
6811
8250
668
2794
8060
8956
387
8304
8511
1837
6605
3601
1882
4870
4929
8339
8845
4295
223
6422
7136
8611
5958
4170
2921
6618
2348
7007
1831
6249
9476
2980
4741
3241
2646
5616
9777
8272
1325
7095
7303
3457
6837
2622
4581
8828
3055
2706
8389
1018
9809
5634
2826
8128
6641
3842
8162
8021
5527
9987
4026
4568
6536
8685
7771
8531
1912
8656
4551
4693
7220
7941
8991
4432
7343
379
9024
7439
7766
9523
1661
1774
739
6744
1818
6020
6313
3982
700
5117
5385
563
9447
7549
3882
193
9826
1462
402
4481
1538
5392
925
2137
3467
8182
5202
98
5559
623
6720
1428
9114
2614
2481
5779
1956
6465
781
6866
8505
2604
6533
1848
3311
2665
4401
2308
6630
4463
306
8121
9782
2272
4828
4385
1553
9843
6903
9986
6276
385
6650
513
3519
4959
8470
7305
3726
9590
8198
9437
7362
3771
2603
9065
5682
2382
6582
4778
4149
1072
9864
6101
4640
9910
8386
5743
9618
4708
921
5643
3794
3273
5265
8041
2577
9774
1913
5539
483
6252
9617
3244
5299
9002
8424
3640
4927
1951
2174
6890
6347
4123
4791
4035
4453
900
9041
1260
7021
6842
3218
3749
6847
9648
323
6260
4356
222
4884
7979
4735
4286
5986
8033
3757
9047
3699
3146
4896
2162
9155
3049
8788
2431
890
384
3708
1715
8520
6012
135
175
3434
1561
3008
7082
1384
811
5174
1657
6159
2971
5937
2717
1867
255
3926
4443
1065
685
1356
6265
9032
5203
7520
7728
7529
2607
9200
4531
721
9863
6901
9814
4276
9745
7752
3711
1127
6243
5268
6502
4965
4616
1179
6115
1539
2466
5029
1416
5868
5469
2196
8084
2601
1453
1037
8836
5420
3554
5395
3937
6685
4891
7139
8964
1973
5344
9735
2508
7918
6111
8847
889
4789
8260
8563
8751
1887
3286
3563
2417
8336
7681
1404
2402
3539
5992
7206
1723
3621
9328
8603
9478
9260
5367
2871
2371
8939
316
9691
3265
393
2908
6689
2695
7852
5000
7354
3777
8566
2104
9459
6074
8346
4957
3535
2693
7459
9768
9139
5110
4907
1113
4332
5112
41
9467
8404
775
4024
3544
9743
5131
7378
3880
2109
6200
2430
9334
9741
3461
8199
983
3348
1693
9766
2587
2247
6588
5867
692
4219
302
9915
7507
915
3362
2735
7673
8285
7839
7955
129
3819
511
2797
8286
1147
9838
6103
4666
1609
420
6081
2746
3506
8302
3878
2299
3155
8822
2028
512
8068
1213
2918
1806
8909
6254
1532
2657
3918
1992
8364
4449
2947
4772
7838
8444
9235
9407
3129
3834
3742
4116
4862
1224
2969
5302
5811
5371
6675
7041
3003
9738
5071
2690
5283
6057
2819
870
8132
9247
2121
6433
5052
6770
3426
7017
4533
9798
5144
5200
1803
1720
4856
1919
1033
218
5437
8977
6042
6380
7267
9113
8586
3610
8246
7829
6805
7689
3071
2685
6892
3543
6114
9404
589
8624
8808
8152
8867
9888
8017
836
2195
1862
246
9180
1626
9932
5134
8930
9640
7369
3258
253
8645
262
5619
5857
8857
5072
7737
3581
8837
5499
702
4407
2147
326
4100
1318
466
201
95
5912
3892
1821
7670
8890
5304
6187
808
9202
1890
985
5408
3939
1445
267
5086
8115
9001
3961
269
6647
4984
1348
2712
1247
9360
3284
1677
7968
1941
6555
7649
1986
8089
4124
2145
3927
39
8397
8297
477
5758
869
5146
6403
5002
2699
2893
1466
7606
4842
5457
2373
2399
3520
4081
9800
1636
1908
9144
2900
9543
7304
2916
6008
2051
5466
1894
8949
696
5774
8796
6959
972
9316
34
2277
3635
585
2088
8877
4809
9899
1911
1800
1401
4878
2516
4528
735
6651
9173
388
8542
3172
1859
9650
6063
6763
8654
4010
2368
8431
7881
8157
5277
6624
7134
5179
1118
1923
3743
7602
7685
5018
6053
5933
1761
3853
4341
3438
256
3116
6655
799
2846
9156
1790
7246
3044
6228
3624
2135
9819
8235
2926
954
905
2705
949
3920
9043
3360
4687
504
4305
9880
160
419
1833
8950
9684
1030
4156
7571
6396
9934
1391
958
1596
7328
6701
3530
3831
4491
9284
5993
4956
1982
291
803
5320
6004
8305
1557
8995
7668
6472
8099
8652
8434
7894
7073
6688
6762
5006
7980
713
9702
3838
5956
857
2255
2571
2878
2498
7427
1674
3693
1
1615
4006
5597
412
9641
5925
6477
2890
343
2038
453
8103
8050
8832
6671
6295
3073
4099
2078
3784
1226
1461
1082
2101
6642
2211
7990
7572
8270
4094
2578
1733
5458
6130
971
5835
3229
6316
5697
9034
3002
767
6734
2698
6448
9818
1432
5347
530
4140
6071
4726
2426
8905
2713
6037
3336
4351
3770
8865
2236
182
2301
9715
1603
4059
9092
3990
5965
3009
8826
8852
1607
6669
6475
691
8243
2424
6184
9488
339
156
5166
7314
6058
89
2093
7331
7150
3484
3120
4253
9923
1832
3468
5336
5355
796
9399
1996
1817
3868
990
2246
427
7658
4682
1392
1121
7715
8076
9533
8140
8806
1545
2165
879
6028
5815
1780
3042
8149
3611
3716
633
2318
5981
5775
3090
3235
6002
7892
2281
8127
4431
7474
5719
6206
9283
4841
4361
3709
1022
6226
6015
7368
1835
1550
8416
6548
2323
2386
4874
7970
1755
6294
4851
1921
4798
7510
4993
5722
4671
6640
5696
5799
1440
365
1449
6979
2223
397
893
8442
7309
76
2946
2507
5266
943
5271
7400
1101
6236
5585
9052
3547
1977
5147
8854
327
5508
5038
4476
2708
6714
5941
1388
9667
9419
1140
5554
9140
104
2798
7751
106
1175
4777
4962
6253
9222
543
8738
7478
3875
28
2404
2965
5833
8073
7793
5224
6284
2911
1154
375
3225
6604
8441
1976
8221
3985
8350
3515
6534
8879
3370
5765
1261
7345
6419
1119
2234
9759
1219
3243
9900
8241
8748
410
652
3221
9083
7223
5439
88
470
122
8180
8464
418
6488
4233
6268
9717
5454
2718
4697
5130
8475
9181
3264
3381
8307
8276
6387
3827
6822
1546
5545
4424
7046
3835
4947
8455
116
7423
2940
1240
5583
1492
7186
2671
9279
1650
1026
8841
1575
6681
3683
6048
6571
9479
6894
3288
1274
6674
3719
6953
8981
9733
4668
1717
8148
8556
4095
2988
4057
4299
5132
6041
3212
7552
6191
6469
2237
230
8035
6392
1885
479
7292
8612
2385
85
8628
7754
1194
6222
2756
8517
2935
6963
9654
8575
9106
9501
8519
7231
4220
1192
2784
3020
9823
149
6780
3796
977
3010
2950
6627
3347
9176
161
2703
5270
3825
9069
2259
5213
4835
4776
705
1104
3321
9600
7203
1122
6176
9384
1884
9309
299
5879
9162
5041
8059
3738
8183
6703
2520
4242
5237
146
8747
1474
2146
4688
863
7498
4019
650
4674
795
7528
8023
3631
4546
690
4313
2945
5613
1591
7538
9063
1304
7870
8526
8185
1484
9933
8265
2666
6153
1786
2570
9486
3161
7930
9481
3622
4645
5240
7334
2891
5680
2344
5844
8731
7358
1458
9136
3240
7348
5441
5930
9538
3686
8708
9487
2197
3326
6777
1721
8306
4344
6643
1000
7410
2937
5424
5974
5127
9583
8354
5255
1347
8825
2914
1306
6710
1879
6161
2909
9405
3956
9416
1310
2630
3298
1352
6598
741
2862
738
3363
7702
9367
4191
4367
5953
7502
7908
3262
6551
9444
8018
2343
6881
3885
6666
9645
3809
7978
789
8777
7260
3485
3571
8567
4923
7509
1614
9549
2034
1798
4731
6878
401
3829
7455
2411
3074
2437
8584
1791
2866
5928
9594
1955
2199
5832
7871
9820
9443
2452
2212
1628
6614
3353
7236
6843
5911
8379
4554
6333
4866
6116
2897
3501
7039
3944
2625
4419
5822
2024
4759
9649
5070
8134
1809
2769
3364
4945
4185
5577
4410
3540
3943
1053
5860
3395
5741
7565
1034
236
6985
5381
8119
4469
2077
9862
3940
3701
574
7283
6230
2470
3582
1497
1922
2377
6841
2213
6995
1907
6085
7361
8985
1870
2838
8264
9532
5686
2939
9775
4655
2755
5396
3793
5869
406
1419
2250
2062
5376
9657
5944
4630
6722
8709
2484
45
8214
6735
5465
3247
3318
6557
6793
4875
1651
7647
7485
942
257
5629
9564
5962
3102
9029
2704
9193
2673
5671
1752
5393
9377
2090
7130
8927
5612
8418
4808
6126
5514
9308
5706
9110
8288
7201
399
8122
1138
9402
9954
4524
4644
4833
8177
9661
1456
8009
5831
4272
1974
1659
6211
1425
8945
6518
99
4774
8096
8579
4686
5118
6179
1914
3575
5148
2001
2976
1257
6785
9234
6250
9172
8516
5289
148
4131
608
5579
206
6466
5871
5735
8962
1543
7625
2510
3446
7843
7615
6180
2026
8203
3459
9681
8700
2958
6927
2022
4603
8170
9297
1054
8022
2513
83
5293
8077
7285
6481
7088
8144
7265
3487
6136
7841
6914
4007
5133
7380
5421
3242
4061
6852
6865
931
4900
9387
71
3174
7243
549
4597
3150
2004
7688
7054
5957
8255
7777
2191
7399
5
5445
1541
6352
6100
1089
5402
640
1460
5636
4152
7286
2974
7932
8975
1028
2874
1570
3970
8079
7812
1903
2915
4188
9812
4887
9013
4994
5988
1207
1948
4852
6117
3660
3148
4785
2406
7092
9499
9170
7115
4958
7996
8200
7307
3452
8254
4231
8403
6107
8000
8734
5608
7488
2999
1624
5653
9664
2180
4075
7854
6607
7666
7920
3039
1947
4498
1241
3648
1750
7030
1214
2523
9642
9
6766
7404
5788
6593
2504
5354
9342
7429
569
9653
9460
8146
2920
425
7193
9855
3022
2605
2943
8189
1784
956
1126
9269
2242
4765
6283
7117
4353
8139
4255
8003
5568
6574
4121
2151
9846
8014
907
6123
7655
3259
8356
4037
2340
1480
4350
3031
6691
319
6418
7656
6846
4450
9210
5717
6628
6075
4051
5798
3899
1477
1322
1847
2085
4428
575
33
2885
4988
9794
2841
9094
6327
7199
832
3064
2879
6712
9966
654
437
3578
2938
3359
3317
9327
658
3947
660
829
1367
8244
4168
4611
3504
3659
2275
7958
5021
3220
2747
2858
8951
7696
2556
3270
485
7006
923
3670
9454
1706
3727
4430
2380
9869
4653
1038
2066
3110
5101
6372
941
4172
1424
8252
6256
4282
6263
9410
9552
3314
195
8707
4036
8163
8990
8150
249
8120
4217
4716
1476
1291
7217
2759
5250
1056
4834
3987
7256
1525
7719
5847
8982
9050
2479
7318
9652
6698
7835
1746
9409
4660
8131
3249
1269
8095
2596
2089
4538
3475
2230
9386
5453
1853
2637
8233
2829
3453
5106
8947
7346
9856
4145
919
2330
5220
1311
5314
6430
1737
5140
1808
7160
7511
6152
7913
2342
1675
448
9219
7449
5979
6830
2464
1494
7492
9985
2994
6325
9802
3088
6810
4817
6803
1881
3924
2029
4669
3712
3377
5777
9520
451
2384
6068
8861
627
2395
3661
580
9318
5519
3910
7173
6774
8025
7365
6371
5154
864
5823
2876
9530
1334
1962
7988
2025
6989
7879
8158
4821
3366
8466
235
3572
1633
9788
756
913
3630
8211
5090
8621
8766
1700
725
5158
2553
4119
2251
2532
8787
196
4804
1562
2792
1849
7846
6455
4053
9876
5291
2552
1860
3801
1379
4278
1957
8159
1652
8190
4658
7605
9175
664
4572
7321
5313
755
3401
1949
9554
7589
9613
6765
1185
1965
4749
5605
598
152
7242
2483
960
8061
4861
719
9378
6544
9557
7228
3888
4802
9882
8923
2849
9338
3713
9516
1747
6665
3517
5183
3536
9947
5773
9942
9635
8154
9988
5487
1084
6945
3136
6065
3072
8329
8207
7165
9373
8893
4079
4330
5007
78
3376
8954
6154
2397
2099
6196
7559
139
2057
216
6086
9983
9753
2295
3432
8015
1534
7013
5990
1654
9091
4317
5223
5427
1109
7075
4539
4083
4679
3751
8571
4650
5785
3553
2003
2407
5310
2065
4622
9938
4569
3986
5973
8489
155
1302
4246
7744
2763
9845
1360
9039
7191
6970
3279
5126
4829
727
2761
9261
9177
997
434
2106
6373
9565
5035
2063
6802
2816
5710
3416
1156
2623
1080
4497
5887
9122
4526
5699
6864
8011
8400
3399
6052
3204
7029
9199
4930
308
1481
1535
9369
552
5432
4405
6514
381
5044
1530
2014
6428
4522
9587
7227
1343
5228
9964
8900
4436
9924
4670
4000
6931
3907
50
6820
2781
1681
3844
3015
2742
3568
8446
2738
6861
1960
6781
5704
3972
4120
4761
177
398
7526
6335
2795
9147
6062
8036
2962
3252
6201
5230
9257
3933
3250
602
4446
3995
2290
5550
1337
8498
5541
8921
4599
7545
6010
947
3189
5864
6886
77
9274
208
1102
6938
2469
7986
432
1685
3117
287
1368
4135
4025
9473
3354
6023
3374
6729
147
2818
591
2609
1998
6489
6385
9116
8411
792
9105
9099
9868
409
5713
8938
2674
9833
9644
1576
4715
8983
1688
5032
3805
7388
571
58
5137
918
6954
8830
4283
8715
5672
8862
7997
9003
16
9505
2478
5534
1864
9215
4714
820
4163
553
5563
7212
2480
4864
4456
6917
6241
2743
4624
1482
3069
6319
4592
6000
6459
6883
440
4238
9190
5759
6167
7692
3912
8274
1822
5206
4318
6248
8872
9336
7235
9482
2872
8570
9943
6817
3357
3996
3070
1309
9875
7578
4596
2279
7747
7750
9659
5701
296
5596
3152
3004
8091
5349
8267
5317
6620
3463
7151
390
9438
1336
3865
8676
5229
1703
3822
5591
2037
478
1597
7822
6237
8169
7433
6491
4987
9709
9273
1874
3521
760
583
4720
4340
277
9544
168
8973
4473
7464
3349
8405
5307
1107
369
5595
5899
5721
5248
2512
8935
7188
505
3993
7903
5548
3309
1324
3169
264
7360
4512
2046
8578
665
1008
338
1666
4836
1167
6724
933
5770
5125
3283
2324
6452
991
3029
6542
2266
272
5303
7558
8657
806
5165
6568
1710
9904
2502
1074
3488
8582
8049
3656
6014
3532
1585
6337
9817
411
1413
786
8186
7738
5065
3067
2273
9146
1493
3482
9837
5365
1017
935
1991
6798
3929
7036
2019
8090
8888
9602
1191
6018
595
8885
2497
213
6449
842
4433
6686
2207
2228
5662
3732
9815
347
6788
1501
871
3655
426
1155
5782
2363
6178
1239
9489
6936
6801
3418
1933
5626
5020
8712
7027
2311
4536
1834
3045
9563
2600
2633
5627
7436
1351
6072
6889
4174
2680
3149
6526
2564
1182
2163
1098
59
4746
4114
1658
1985
3505
6303
342
1728
8952
2762
6694
7557
7239
1475
8729
1049
484
962
973
132
5164
1537
7302
5947
7048
8802
5606
7412
3887
7582
4844
4146
1622
7815
2790
2289
2899
8378
7546
7278
4084
9214
1964
9608
9651
9553
4126
5731
4008
6224
6732
9936
5448
9518
7479
7405
1174
7588
814
3730
6986
7038
4482
9513
6328
1732
3767
5357
4938
6623
8108
6194
957
8559
8572
7640
9337
9452
7877
676
1193
4411
9517
3668
1511
9690
7916
9713
4684
6584
6929
3121
4357
469
9660
6862
3697
9898
747
3673
5623
6935
502
232
1438
2830
4637
2302
1006
1984
4068
9148
6490
1498
9706
3246
2055
8165
8755
4452
1314
7902
2530
1088
2074
3718
1073
6326
6311
6408
531
2150
6523
3662
5323
6661
2694
3722
3509
1450
3657
3368
5446
5227
7512
9051
7324
9018
6738
7912
18
6871
5261
4871
4260
137
5091
6340
3960
3574
5252
2349
862
3969
3737
5024
9276
7051
724
649
6855
9142
6242
4840
1435
6113
8701
4534
798
6687
2840
7431
8129
2439
2164
8032
3573
7372
6741
6656
8522
2045
1981
7274
3824
3765
4602
2200
3653
2416
9729
2171
6933
2821
1934
2235
1161
944
4897
3650
5156
816
6407
2495
8507
5709
6006
7225
1815
4707
5398
8844
6612
2760
5795
645
1399
1258
358
4736
3779
7869
1228
9763
4641
6500
1990
3194
4021
2912
1507
5609
7987
2536
521
5159
6158
3760
554
2687
423
2806
2284
8223
8349
8194
5330
4058
4414
8627
3714
5845
8312
6355
5409
7585
6104
8229
666
9345
6815
1980
1271
6227
234
524
4973
3644
364
9683
5116
2677
2562
4801
6207
8742
8082
6132
1422
6238
353
5848
999
5374
9265
5346
3994
8313
3415
8976
8453
6545
876
9131
1863
9973
9728
2929
7042
1689
331
9408
4362
3340
1085
4484
1408
7613
4913
7152
2006
9021
6089
9801
1412
4480
4633
9996
8848
8125
3763
7043
9981
4898
8534
7299
7931
9734
4706
5523
7420
7426
635
8287
9971
7402
5260
1648
1987
457
7697
3038
5599
4540
8739
2321
9280
9914
2574
4564
5604
2732
1478
9329
5391
5915
805
103
4678
3061
4413
3442
7120
8896
1221
2044
7872
1061
3170
6792
7468
2960
4545
9672
322
5412
3231
2895
3828
1197
7761
482
3846
5771
1577
9457
7237
2842
9848
7001
8280
5113
5702
8667
3900
7592
9762
565
5334
838
6271
2493
9998
3303
3234
3617
6863
6611
7153
1427
7886
7676
1757
7083
4176
5859
1469
9423
5678
9070
1491
5826
3998
3852
924
9633
4457
91
5464
8365
501
5920
8278
7281
7596
5975
7068
7804
5767
6306
5272
2310
8891
7707
4395
6610
5486
6139
1744
6395
8638
2031
169
3495
6773
9700
2551
7258
801
4346
906
3052
4663
7856
8882
3186
7669
6513
8655
4434
8451
8187
5908
2621
8027
7710
9057
3109
1759
3898
9595
3087
6559
9317
3906
239
9315
2581
6388
5797
2626
600
1508
3884
4812
4825
5651
6390
853
428
9816
486
2194
4243
4358
6918
8874
6192
2522
9218
939
9570
3421
4529
5014
9867
9750
9436
3512
6709
2731
3025
9264
6272
6412
720
5447
978
772
8116
9394
3856
3356
3214
7763
950
9060
8908
4747
5286
4214
8048
4790
8065
5008
2249
9206
9521
1702
8013
8596
1016
7956
3037
1686
6987
2462
8577
3190
7442
7542
8126
3785
9477
311
6122
8969
7849
681
2269
3761
9398
6280
4558
7407
1712
3023
215
4489
9152
1330
4173
377
2729
7452
6912
6169
8206
8222
8334
2332
7724
1329
9905
4535
6270
197
6725
7820
9470
163
3272
9736
6267
6547
2901
6884
4148
1601
5012
988
669
5513
4588
5645
2039
1081
7686
7425
3778
1233
5292
969
2663
4591
9375
192
8810
1282
1050
1204
9370
5555
2966
3679
487
1668
7539
8725
8965
6958
8856
251
6309
6119
7629
2360
6644
7297
9994
5786
6024
5004
6645
9485
5602
7730
345
8392
7863
6968
3385
1027
3492
592
5015
6442
1567
2525
1578
6657
7600
30
7074
4694
5247
6525
4728
1139
9282
4991
8795
2597
32
194
8959
8058
2113
1443
3159
9035
1598
9495
274
5603
179
5622
3203
9909
5694
2503
8762
9463
3965
4247
2023
8504
5288
2328
3466
6001
8540
5358
1888
4516
1935
8859
9064
5532
5625
9188
8369
2144
3062
8735
4375
6282
8333
3289
5308
361
9490
2456
9169
4751
9500
9692
408
1694
4704
1878
1382
2444
2398
6070
3691
2529
4294
309
1820
2166
9385
6983
894
3863
6625
9959
4076
3707
1630
6150
5049
7387
706
3555
1549
1338
1355
3967
8360
843
2696
7200
5274
6258
5474
9883
8547
7466
785
4200
4391
8840
7759
2225
3715
5664
4251
3934
9922
4459
5245
3992
8102
9732
7832
8660
3047
7927
228
780
3205
6668
996
7128
3192
8332
6752
4169
9450
1254
6137
333
5556
3684
2951
5076
3417
6521
6740
7335
1656
6758
4850
5670
7534
1851
7015
3365
1383
5246
8325
7929
2888
7329
7194
2256
7964
7842
2800
209
9787
9568
6821
2422
3804
6577
9420
9352
6786
8249
3028
752
9107
1716
9371
2453
252
5733
855
8502
1872
833
1076
6977
4822
7525
9251
1421
4017
6751
4151
6631
3950
2128
7125
4472
9137
3185
4519
604
3584
828
5064
1676
8539
6672
2354
1995
5353
5945
4643
7330
9130
2636
5571
15
5565
62
2907
6522
5837
6389
1444
9006
7919
4465
2515
3658
5601
7917
9049
8551
9673
8263
2619
1770
389
6731
3210
9254
7963
643
4254
190
7875
9571
407
6165
4182
4298
6772
186
383
313
404
1002
8968
4130
6439
4468
5732
2700
1209
8978
4213
3702
1910
3137
2374
8164
2188
2972
896
1731
3014
4257
6362
6102
7487
1110
8743
3036
2678
9968
6530
4245
5196
8268
7626
8317
2021
7475
2777
181
9870
6528
3626
2987
2501
8653
9548
1487
6879
9430
3130
5190
8528
8509
7377
8118
8461
3861
8497
9962
6711
7938
9028
312
8643
6778
2015
5256
1349
4838
3725
3688
2869
5914
1637
3079
2933
7417
6563
4183
5232
8610
2381
2778
8583
644
8331
2303
6907
7836
1259
1726
6595
9252
9616
7049
2186
1582
1141
6920
5460
8291
6168
967
5483
7144
8310
6897
3507
7276
3378
993
9242
8052
231
4972
9610
7522
1071
4764
2787
7016
7356
7795
4004
7079
4696
3098
3643
5880
9042
6753
7141
1048
8407
9697
6696
2526
8109
3226
4587
3858
3371
2490
4503
225
7290
7169
7951
1978
5620
7352
263
2724
3472
4739
9940
8601
4977
7364
3089
9569
5345
226
7061
7883
3623
7391
5343
6197
4786
1629
9894
2655
172
5050
4632
5321
4077
6182
2837
8680
3100
4069
7607
3131
9314
5560
1029
9221
2400
4065
2353
7755
7778
1188
7018
220
3633
2222
8765
473
5413
4066
7717
8153
6149
5656
6969
4388
4756
3958
1893
3841
2995
4319
8133
6992
1001
3396
5570
9010
9884
5580
7091
6146
2691
4879
429
7712
8373
9085
6717
2645
5003
8057
2423
217
9646
54
6916
5895
909
4369
5377
1793
9421
6615
3837
265
9902
8902
8145
5927
6483
7114
5185
7067
3334
3491
1762
4321
7855
6427
5991
227
5677
1756
7934
5963
4711
1929
6880
3143
4548
9963
4284
8359
1680
6356
1232
1719
1376
5273
3848
562
5470
6011
8335
6097
6823
9109
171
445
9300
4727
1554
3019
1627
5720
2467
766
7053
3305
2557
5161
7547
9019
6759
9614
5429
7535
1047
9624
5611
6112
9239
4543
3735
9912
1503
5406
5087
167
9449
8917
2316
5592
7461
7086
3703
6715
3497
1455
5169
6581
3106
7994
4211
475
3330
9211
8303
7316
917
7885
6707
2383
8160
8443
2418
1125
8422
2955
2500
4514
1069
5490
3006
8753
5561
6939
5231
4306
4837
2642
7063
3230
5077
1275
1238
3390
4951
6898
626
3590
8688
9686
6909
6635
5502
7618
8215
4281
4617
839
3423
6578
9799
442
6078
3879
8614
2116
9830
4990
6996
3323
3168
5016
1529
8999
2253
1181
7590
1653
4826
497
7333
8971
5431
9356
1813
394
2285
2996
4258
3379
3141
8793
1959
6350
5646
2749
2889
5518
1824
3922
6367
9191
2457
9412
3750
4101
4839
1380
6214
8362
4604
7889
1361
3479
596
5840
9805
351
5188
6341
5729
8884
4500
7944
6312
9668
7653
9784
415
841
7948
4796
866
8410
6856
8881
2115
1407
9960
7473
330
7709
7226
9456
8496
9090
9596
5590
9621
6499
8573
6988
1136
7112
4193
5766
1730
9749
2209
3874
6637
5417
8608
1036
7264
6835
2543
9528
659
9603
4162
3859
4438
8104
5061
8019
1665
5649
5047
3433
4924
6171
2133
3035
9072
6597
9471
5337
4562
6984
7616
9143
3533
3251
6972
258
7014
5031
2392
620
5576
2350
2517
1812
5276
9104
731
5297
3281
304
8605
8299
21
3427
8240
4018
5175
8192
5403
5170
94
9679
1905
3988
2750
3304
9406
8226
5751
3527
2075
489
125
8357
7901
7765
467
4845
1341
3344
5009
382
2486
4308
9978
9974
3676
8414
3936
3420
324
3782
3704
4164
4129
9704
7739
2091
7056
9512
2454
532
8487
6423
4580
5053
8155
271
3388
9674
8786
8561
7390
7899
8044
1307
2068
2803
9078
7611
2438
2243
3263
7004
2978
4620
1100
1664
5660
6498
7587
5557
2820
9433
373
3473
2998
5562
7543
675
8647
7219
2979
471
9311
8426
7238
6684
2589
5778
5690
5566
6602
5239
7241
6138
1327
4460
5861
1441
1559
9333
3007
2110
746
9913
9857
4946
4034
9890
6512
6569
60
5143
9547
3287
3082
6233
7469
4661
648
7720
662
6066
4700
2233
768
1397
6596
2362
8641
1365
3997
2736
214
7814
6718
9179
4285
212
5205
8387
5073
7630
9537
8281
3962
9363
5781
1267
8871
3627
7878
4827
8998
779
6652
6185
4329
8875
4060
1662
1299
2267
7277
936
4155
6110
3812
570
1396
5294
3694
8521
8399
7135
4274
3319
9426
4698
3113
3403
5768
6278
7723
3881
5022
259
8348
4757
6336
7785
9138
2791
1958
5955
3843
4078
2300
1471
541
3813
2506
3341
5946
7570
8549
5705
8635
3391
9439
6789
4710
4045
2648
5342
4779
2894
8741
8554
6244
6973
4266
7269
5640
4070
9522
9751
7564
3552
2524
5189
26
3931
2120
560
202
9511
9376
867
4204
5749
8804
1479
8261
5013
3024
8838
8629
9432
6760
314
6300
6096
1971
4324
1829
4859
3076
3248
2757
4729
9023
3820
8007
9969
2968
4112
5481
6361
6728
8585
1711
4766
8686
8532
9428
5129
1782
6479
9461
3315
7741
5282
5026
9773
7311
3736
6965
2227
7028
9839
4326
278
2189
3628
6699
4134
6374
4848
7628
830
6386
5542
7327
7695
4571
1625
6431
1230
9993
2280
7797
1771
1696
4732
5216
5810
6144
4942
1248
360
7411
9341
9195
3854
5488
7677
5716
7674
4470
8231
1323
8328
7287
2541
2670
9055
7624
7428
3791
6315
328
7819
1979
7159
3839
994
3957
5103
1697
1825
5331
9089
5854
5142
1117
2306
7718
3671
3903
8156
7192
7805
4953
6556
9874
3119
9400
2913
5434
4941
2087
9860
6217
5666
2981
6019
4439
8454
8471
2296
4192
4940
9665
1816
2365
3597
8395
184
8824
2341
8500
8604
3373
61
7868
4858
9413
1273
5551
1402
9832
7374
7183
9581
1364
1489
629
5926
2924
301
6775
3257
1940
2309
2027
276
9885
6013
3411
4718
2793
5618
3902
7298
2193
7443
2773
9451
4527
7379
1988
9097
684
9098
9058
8702
5338
114
4486
6991
7548
7491
2239
1046
5839
6942
4830
210
1067
438
7457
6345
5422
1618
2701
2936
7579
2427
4623
2018
4265
244
1078
8693
8705
7725
3355
1003
1128
8618
9519
7163
8438
2843
3919
9483
3275
2877
6915
5884
4906
6021
3706
7371
6690
5828
7595
7867
7621
7351
6756
5658
1926
9707
9711
1642
6589
6198
7567
9301
8085
5300
7207
7641
4723
5552
9527
8419
5506
219
6594
6166
8760
6417
3877
2560
3700
4371
7430
7745
7392
3239
370
8816
8293
8827
1385
3462
2214
1162
5882
6705
8537
1639
1830
2861
4279
3789
417
4910
5378
674
5789
3741
5540
7310
7085
8178
7313
1540
9031
8855
4847
1153
902
2408
6406
5503
4138
9231
5451
2139
3156
4275
3393
2528
5906
6275
1457
8557
9281
1734
770
9022
2288
5734
3445
9246
709
1945
3833
9462
8171
9907
550
8193
8092
4585
8798
7434
2387
1223
3400
7289
8580
533
7553
84
2262
3788
5834
4662
46
7409
9606
9151
8402
6292
4187
3094
3179
4333
5693
5526
920
5900
4952
4203
5687
5498
6552
3032
2992
9525
2008
1211
9853
5875
6213
3978
4893
3164
6902
2737
3953
6492
9851
3883
1039
5935
1095
9380
6819
800
7837
1086
6940
6617
3923
3021
9647
9298
5598
4702
3126
3845
3464
8294
3561
3826
8494
5504
847
2271
9171
1517
1234
3209
3522
9313
9555
9951
40
8459
8562
8353
7705
4672
9989
4773
6377
35
2766
4316
8130
7202
9307
2218
6504
3297
8181
7069
4447
2783
7556
8488
6463
3478
4882
9267
1326
2880
2282
6124
4575
4394
3692
4912
3941
2566
1794
9007
7323
1698
4426
8880
8054
714
48
5477
6397
7262
2654
101
6934
963
6079
2559
7609
2509
1506
7366
5067
180
1075
7453
927
1290
1447
8201
8800
7084
5760
5257
9879
1918
3338
5056
9241
9351
7010
5739
1909
4001
3337
9698
5994
9824
1389
753
7441
5582
4485
2287
5750
260
6208
4916
7933
8569
5128
4487
6814
6484
2
887
4390
6193
8918
8820
6451
3291
5842
2154
9429
4171
7858
42
5530
6944
4143
5359
2942
153
826
9540
2463
3873
8094
1792
3428
6941
9440
7591
7376
8030
9836
4899
5737
1265
159
9842
380
4561
9224
4595
7418
6438
1655
173
5976
4096
8499
1459
9250
5665
8714
3078
1218
6093
5028
3976
9368
9584
8107
584
1363
7619
9828
2887
8213
5796
6291
3916
3107
8749
2232
4677
436
7612
2986
2405
9765
7794
6769
6221
1646
8083
6905
6402
9466
8124
1025
9675
1195
7040
7205
1754
8723
3162
728
5461
2659
7064
9682
5614
4161
9204
7019
9343
6470
6487
9976
4888
536
1580
8072
4474
7122
5030
5040
8051
6219
5063
9578
5755
8275
5472
2440
1180
3728
7357
1390
348
7012
2561
6251
1916
7610
4378
3818
7845
3870
4263
4103
2990
1736
9630
5902
4166
5877
8928
7087
5849
6302
8684
3636
8687
1709
557
7992
3325
5493
6046
961
5182
6679
2216
930
5757
2257
6289
5296
2635
776
2049
3441
4181
1298
6913
3588
7662
2565
6697
8327
3483
9676
8543
4180
157
5369
366
7251
7295
4288
1572
3105
5491
4544
9725
8224
682
6537
2881
6322
5874
3123
8602
3290
1569
5711
2854
6369
4206
6383
6515
8168
9770
2919
4724
9629
3313
2472
8661
8105
6435
7031
7915
4396
7541
3620
8210
7216
5397
4345
5069
9066
3602
5341
6255
2000
6131
778
9829
2896
7211
5425
9496
1663
3058
734
8746
7195
9117
8204
7532
3145
5186
8948
7403
8594
1931
7833
7408
9101
2785
8005
7157
4139
1876
7698
5236
7798
9075
1146
1203
9290
6017
8078
5647
164
7633
6239
9236
4108
5080
2012
503
6659
5574
5512
5806
8546
823
1891
7816
268
9546
9795
5932
4009
7288
9071
6505
3397
372
2925
6447
2579
8351
8694
270
6976
4113
4310
3566
6125
5471
5379
9810
556
7716
3783
6779
376
3215
8046
2041
1594
7499
8675
2182
723
1150
4811
7650
5340
2448
7024
7197
6767
3952
6027
9141
6175
8266
4304
9893
4651
2048
4230
3795
3217
2774
8161
9084
4948
4908
7370
4649
7623
3469
822
1157
9572
1563
9149
2851
1198
6507
5098
6277
7642
7599
2828
494
6520
7827
6473
4041
6082
2221
8769
561
3687
4032
4618
566
8323
1331
6456
6016
1953
5187
1237
3345
7811
8056
5278
7823
3133
4435
5661
9417
9362
9755
9326
1565
7108
7888
3271
9744
496
7736
9556
5865
8205
8080
3361
1660
86
6127
8704
5985
5752
5923
3810
5983
5950
7880
3173
435
6560
6320
3144
9396
9248
9712
1464
4563
9208
9506
2036
1436
4566
7026
6573
7340
9233
7393
7261
4556
6441
6946
7810
4818
4783
3541
7355
1801
8813
2902
5838
3053
229
5476
8026
3867
6812
9120
8112
2576
7486
7166
5924
9997
7271
7806
4971
638
730
9789
5793
8650
6600
8495
8914
4815
9027
7294
4464
3228
7401
6266
8347
4863
464
3569
3176
8029
9128
386
2220
881
2347
9895
625
3685
2692
9791
9312
4466
7768
5295
6554
8690
1433
1272
6743
5411
3080
6344
3975
6426
4758
13
3448
4960
5802
5197
2583
9361
4028
7127
3608
3175
3200
8217
1839
5001
4797
9541
8191
9634
3454
1739
9748
6476
7790
7667
9393
7518
6437
3545
7035
9383
9892
5111
9168
1220
9622
9636
3886
8384
6670
9391
9677
9761
9612
7551
4244
9124
9220
2459
9580
4992
3293
8637
7189
2823
4768
3440
9790
1468
4147
3647
7444
2140
6090
5738
5573
6529
5217
7156
4883
7665
8941
5027
4725
7386
7678
1297
7300
3
7865
4483
9054
6297
6077
3921
6893
2883
573
5092
7245
1967
742
848
3238
9389
7494
5399
6506
4235
7113
6570
5456
4843
5707
9335
1263
6351
9056
1158
7635
7982
8671
5723
9325
9643
9778
8176
4030
4981
5764
8651
4013
8417
8053
1581
937
5051
3756
6106
7711
1523
5500
6745
5043
526
4142
4232
31
8309
9695
4016
8794
6404
9504
8028
5207
4542
6486
3864
5443
1527
2192
9415
5836
4518
6658
1939
1906
9760
7787
7584
3792
3054
5105
9723
5949
5800
1123
9382
4393
2549
6621
3191
6245
8300
4234
5275
8936
6844
3502
5943
736
3811
8301
199
9062
9850
8529
4490
1009
9475
8228
5812
3773
1024
7935
3312
4363
953
1536
9244
10000
8996
6519
8063
6583
4039
2814
5813
9918
2563
8428
2370
9472
458
791
6692
5989
4354
4806
492
3780
9655
8087
1966
9038
7446
6727
4364
2491
3954
6816
5708
8758
7259
5348
5160
8599
6425
2667
9348
5999
547
3634
289
1251
5669
4769
3849
6549
8283
7779
4629
355
9178
5426
8869
9637
4044
8262
305
3435
2989
5564
8232
2132
9061
7175
5890
8081
6501
3542
8358
5388
7106
2050
1353
4889
7482
3989
8510
6342
6702
9427
9020
5467
3872
6896
6590
9545
2660
9730
9632
1398
3269
9585
9225
6948
5549
4886
4150
6768
1579
4795
4195
4141
1277
3253
4415
52
4745
7769
8045
5824
5151
5400
2771
4302
8669
7848
8457
8484
3911
6181
8406
1173
3534
3748
3955
6496
3142
2108
4567
8724
5362
7959
5114
4402
7435
130
11
6776
3108
9262
4496
1244
9950
3516
9395
498
5667
5866
8220
7126
9249
8322
8730
1163
5435
6797
5066
6930
5510
6683
9656
9354
2204
1640
1172
507
500
4425
4033
5586
1490
850
6338
6205
7708
3147
4002
9948
8380
5698
3968
9198
2679
3675
8141
8425
3358
5124
7341
8259
6608
3928
1775
8946
6648
9502
178
3474
4799
628
8548
8814
7672
7149
7332
4086
8138
6567
7949
9953
7909
1708
5676
8843
7898
9321
5632
6458
9984
540
3721
8437
8815
6142
4771
7967
9626
5455
3494
2067
1566
8695
4722
90
6305
2248
8565
4338
4868
5327
6827
4989
6109
8544
679
8770
7574
7773
5096
8219
9253
914
5309
7683
5885
3797
6232
7921
4576
8518
5543
7060
2944
3096
8792
8720
1621
2224
4301
1944
162
5939
7521
5218
3157
3481
9827
3917
5740
4999
7645
9203
5108
4327
4895
3382
2159
8320
3266
1151
1208
5584
3199
1880
3292
9772
8564
8448
4903
3456
3455
3490
8957
2357
7484
8514
844
6155
7476
8430
4102
5115
8088
783
1040
6474
3030
9906
4303
5959
7926
7721
2059
2631
3308
641
4654
9119
3005
4437
5846
5363
7661
7952
4110
5093
8237
3000
1901
2649
4939
6565
9694
6157
3443
6401
9005
3589
8034
9878
3027
340
4249
9919
5940
8536
1769
5318
8114
5290
5728
4628
7850
6462
1753
6031
2203
9852
8807
2711
6974
6845
5528
9764
9638
6147
7121
74
4189
7577
6005
7123
2389
8435
7170
8421
8447
6128
8413
9871
6587
6304
3616
9422
4996
1670
5964
2555
3394
8483
5521
4634
2313
8110
3938
3471
9129
4892
4229
8668
2707
6357
65
5972
7347
1014
3086
8648
2129
3514
243
5744
6639
2810
6288
7249
2030
3613
4144
1112
6791
3654
8967
4619
4289
6381
4577
4331
8284
6869
4742
6566
7172
151
1142
8873
4589
5241
8393
9212
4277
4881
4925
1898
2832
359
5841
7762
6887
9663
8179
7124
815
3629
8533
3425
3558
8071
4904
3579
4022
7008
6908
4680
4964
4955
7999
6975
6882
810
4537
1096
3759
8987
8490
441
7789
7266
5978
9115
8012
5211
5966
5648
2585
5222
8929
9484
9920
4014
9213
3245
9662
150
5546
8002
3444
6716
6378
9865
5967
8355
1202
965
5644
8315
7524
240
5578
7367
5199
9441
107
4136
2185
4347
6290
7232
7375
8135
5650
3477
5452
7922
6747
3666
8717
1132
4513
8915
6134
514
5423
1613
4922
7847
6160
4477
6189
9956
8574
3802
8506
7622
5615
4205
3224
6494
3384
424
9598
4867
6264
4397
3652
4549
3745
3369
5495
4600
6405
8878
528
7544
6083
8665
7634
6209
3981
5792
53
8988
4699
6225
910
4423
7813
7882
8963
7639
8117
5794
9277
9442
7844
7890
6575
3817
5122
5102
3546
2047
7131
4088
6359
5352
7454
9044
4902
6324
3261
4954
5332
6099
2702
5416
6216
2848
9121
8679
6799
3128
8460
4240
2853
8728
1740
4901
4532
2956
2892
527
2681
5520
4968
2356
4657
3407
5382
8175
1159
6095
3672
8718
3115
9036
8713
9096
4703
572
4507
1742
3729
3392
8468
8619
8137
6654
8368
433
4865
5383
8197
3667
7972
6141
7911
2011
3493
3342
7991
964
609
5100
7099
9332
9873
5152
5995
9296
3615
7209
1983
9474
4029
5364
5433
7830
7422
2922
9531
717
2265
5898
6961
7176
539
3409
6143
3065
5192
4328
6220
9705
7448
929
7783
6384
7706
6235
7389
1679
3800
8295
9365
9319
5262
1200
7925
5023
895
6261
1542
3408
9539
9574
1187
9804
189
9025
9165
8870
7080
9464
8906
9237
9164
4807
4454
7178
3171
9937
6662
7185
5039
170
3664
3649
3139
8721
4787
8031
4337
8581
4631
8377
3587
2882
7180
1442
7784
6173
3018
3151
3946
2865
5322
5209
2860
5438
7342
7146
8761
4719
7164
4198
9073
2845
9721
7111
9917
856
6034
7537
3758
9916
5479
509
4323
8640
3101
3375
7447
4366
3869
5851
8409
7965
7699
284
8960
5588
5674
2786
2190
7301
4626
8239
3600
9364
4855
72
2983
3720
7472
9551
7322
315
594
3592
7657
6660
4614
119
2796
3480
1999
2338
9256
2268
187
3184
2325
955
4935
8780
7097
8482
9240
7214
8615
3862
6874
3331
7432
449
8994
4638
7471
8151
6092
6195
5910
5821
3942
3559
4158
4648
1344
5139
6591
9448
5280
8677
5954
8473
1764
5536
9558
4692
3301
7530
4810
4494
7519
6796
9605
6296
8681
3594
3372
110
3823
8445
787
9619
3327
9808
9026
7851
8230
2413
5501
6032
3914
7105
3451
7809
8901
5225
8623
8592
3447
4115
5178
8799
8492
6535
7023
9990
3260
6259
6966
4157
7279
8943
8343
5356
4360
3945
7154
8408
3977
5253
9604
9207
8469
4127
7742
6416
6923
6737
7554
6231
2825
7037